AO-07
1 07530U 74089B   26069.03498318 -.00000043  00000-0  20458-4 0  9993
2 07530 101.9969  81.2286 0011966 321.4313 104.0021 12.53696309348095
UO-11
1 14781U 84021B   26069.14356080  .00001706  00000-0  18031-3 0  9996
2 14781  97.7949  35.9069 0008455 142.1086 218.0728 14.90509171242377
AO-27
1 22825U 93061C   26069.12657844  .00000139  00000-0  69774-4 0  9998
2 22825  98.6981 136.5370 0008926  37.7276 322.4531 14.30913239692837
FO-29
1 24278U 96046B   26069.09029438 -.00000008  00000-0  28715-4 0  9992
2 24278  98.5379 291.4557 0349800 353.7297   5.9522 13.53268711459760
GO-32
1 25397U 98043D   26068.95081117  .00000115  00000-0  69691-4 0  9996
2 25397  99.0027  59.2298 0002069 119.2453 240.8932 14.24406169437203
ISS
1 25544U 98067A   26069.15865510  .00009130  00000-0  17626-3 0  9992
2 25544  51.6324  70.0375 0007972 176.2903 183.8146 15.48557200556406
NO-44
1 26931U 01043C   26068.55835784  .00000217  00000-0  11176-3 0  9995
2 26931  67.0506 141.9526 0007015 265.3804  94.6497 14.31912221276185
SO-50
1 27607U 02058C   26069.15697749  .00002284  00000-0  28640-3 0  9997
2 27607  64.5525  75.3270 0075262 280.6582  78.6054 14.82786263249774
CO-55
1 27844U 03031E   26068.98532191  .00000429  00000-0  20468-3 0  9990
2 27844  98.6777  78.7801 0010678 111.7093 248.5223 14.24266468177550
RS-22
1 27939U 03042A   26069.20660861  .00001488  00000-0  23849-3 0  9991
2 27939  98.3441 250.7817 0010495 218.3649 257.8588 14.73255750200973
CO-65
1 32785U 08021C   26069.17790548  .00007750  00000-0  50214-3 0  9994
2 32785  97.8206  48.6585 0009549  17.7424 342.4135 15.08381791970266
CO-66
1 32791U 08021J   26068.92109284  .00023758  00000-0  84213-3 0  9996
2 32791  97.7519  62.3611 0001448 359.2618   0.8619 15.29097235972108
RS-30
1 32953U 08025A   26069.19072546 -.00000108  00000-0 -84857-3 0  9990
2 32953  82.5003  57.0106 0019547 164.1347 196.0349 12.43175309807397
SRMSAT
1 37841U 11058D   26069.05935679  .00000487  00000-0  12071-3 0  9998
2 37841  19.9724 299.4680 0011771 193.0983 316.9055 14.11547866743797
ZACUBE-1
1 39417U 13066B   26069.13026007  .00005383  00000-0  42594-3 0  9998
2 39417  97.8171  30.9564 0042553 218.4928 141.3258 15.00331768665879
Delfi-N3xt
1 39428U 13066N   26068.74741690  .00007321  00000-0  65912-3 0  9991
2 39428  97.8341 349.2574 0076329 176.1438 184.0386 14.93675177659775
GOMX-1
1 39430U 13066Q   26069.16538072  .00002120  00000-0  32460-3 0  9993
2 39430  97.6567 275.8406 0130242  35.9891 324.9999 14.69100787655374
LO-74
1 39440U 13066AA  26069.09976814  .00006343  00000-0  59620-3 0  9994
2 39440  97.8810  17.7735 0058650 357.6027   2.4902 14.92961927662202
AO-73
1 39444U 13066AE  26068.90648558  .00009564  00000-0  61715-3 0  9994
2 39444  97.8195  38.4486 0037312 178.1154 182.0221 15.07917828664696
DTUSAT-2
1 40030U 14033W   26068.92382076  .00010825  00000-0  60729-3 0  9990
2 40030  98.0849  60.4732 0007133 201.7269 158.3659 15.13540485637661
LILACSAT-2
1 40908U 15049K   26069.16126227  .00019949  00000-0  38227-3 0  9997
2 40908  97.4809 102.4021 0005713 243.0956 116.9710 15.48046016580413
Horyu-4
1 41340U 16012D   26069.10524506  .00098155  00000-0  10286-2 0  9995
2 41340  30.9918  65.1072 0003135 156.5881 203.4914 15.62973679555172
Lapan A3
1 41603U 16040E   26069.15559537  .00005620  00000-0  18180-3 0  9992
2 41603  97.1488  68.6145 0010960  21.4279 338.7420 15.32391992539642
CAS-2T
1 41847U 16066G   26069.19191589  .00001693  00000-0  24458-3 0  9994
2 41847  98.3880 146.0363 0343608  69.9727 293.8109 14.44471812490505
TechnoSat
1 42829U 17042E   26069.15991052  .00004781  00000-0  34615-3 0  9996
2 42829  97.4155 230.6982 0019575  74.1779 286.1604 15.04291677471810
AO-91
1 43017U 17073E   26069.05877803  .00011508  00000-0  52143-3 0  9997
2 43017  97.4850 298.3474 0154548 310.8421  47.9495 15.10884651450414
S-Net D
1 43186U 18014G   26069.20264781  .00007798  00000-0  41323-3 0  9996
2 43186  97.5430 334.6464 0008755  13.7966 346.3504 15.15638596443767
S-Net B
1 43187U 18014H   26069.21221244  .00008092  00000-0  42894-3 0  9997
2 43187  97.5437 334.6391 0009314   8.1120 352.0261 15.15610552443762
S-Net A
1 43188U 18014J   26069.20199094  .00007761  00000-0  41118-3 0  9994
2 43188  97.5447 334.8199 0009172   9.3946 350.7456 15.15645770443764
S-Net C
1 43189U 18014K   26069.21555955  .00008126  00000-0  43071-3 0  9994
2 43189  97.5462 334.8925 0010293   0.0657   0.0575 15.15603007442316
Ten-Koh
1 43677U 18084G   26069.10811182  .00003352  00000-0  25727-3 0  9992
2 43677  98.0798 257.3123 0011974  91.4515 268.8080 15.02466237401283
PO-101
1 43678U 18084H   26069.18921350  .00002283  00000-0  18876-3 0  9999
2 43678  98.1038 261.2464 0011799 125.1933 235.0396 14.99963100401370
QO-100
1 43700U 18090A   26069.12405892  .00000146  00000-0  00000 0 0  9996
2 43700   0.0184 164.0865 0001073 195.2111 238.9529  1.00276162 26685
MinXSS-2
1 43758U 18099A   26069.17121169  .00037045  00000-0  91533-3 0  9998
2 43758  97.4623 143.0113 0007624 257.0493 102.9902 15.40368346398858
AO-95
1 43770U 18099N   26069.10269671  .00014783  00000-0  60435-3 0  9997
2 43770  97.4503 129.8221 0008262 345.6400  14.4601 15.24428625398113
SNUSat 2
1 43782U 18099AA  26069.12757984  .00009834  00000-0  45666-3 0  9991
2 43782  97.4195 124.0859 0008959 283.3410  76.6826 15.20180825397974
SnugLite
1 43784U 18099AC  26069.13235424  .00014249  00000-0  57586-3 0  9994
2 43784  97.4002 124.4883 0001352 277.2831  82.8253 15.24851213398214
ITASat 1
1 43786U 18099AE  26069.10420920  .00009020  00000-0  44994-3 0  9990
2 43786  97.4161 122.6242 0012215 344.5794  15.5066 15.17684204397879
EAGLET 1
1 43790U 18099AJ  26069.08381573  .00006018  00000-0  35261-3 0  9993
2 43790  97.4369 121.3688 0010418 335.5079  24.5656 15.12113767397357
ESEO
1 43792U 18099AL  26069.12103984  .00002799  00000-0  20701-3 0  9993
2 43792  97.4114 110.7065 0011026 315.9152  44.1195 15.03917513396916
JO-97
1 43803U 18099AX  26069.14405873  .00020524  00000-0  70104-3 0  9998
2 43803  97.4247 131.8205 0004750 255.4463 104.6251 15.30322746398460
Suomi 100
1 43804U 18099AY  26069.14172050  .00014275  00000-0  55670-3 0  9994
2 43804  97.4314 130.0166 0009006 268.0727  91.9480 15.26010568398301
ISAT
1 43879U 18111D   26068.72378276  .00060631  00000-0  10351-2 0  9995
2 43879  97.5900 357.4744 0002734 333.2422  26.8688 15.51117886395684
UWE-4
1 43880U 18111E   26068.74005968  .00033304  00000-0  83386-3 0  9990
2 43880  97.5841 353.0294 0007531 339.4687  20.6255 15.39989264395442
Sparrow
1 43881U 18111F   26068.74049393  .00072664  00000-0  10830-2 0  9996
2 43881  97.6111   1.8771 0004130  38.9805 321.1745 15.54846146395831
Prox-1
1 44339U 19036A   26069.03569541  .00015578  00000-0  16231-2 0  9999
2 44339  23.9961  55.3092 0005946 324.7570  35.2535 14.88061332358679
Taurus 1
1 44530U 19059C   26069.17039139  .00006750  00000-0  11125-2 0  9996
2 44530  98.6311 227.9951 0008424 256.2646 103.7621 14.70820128344082
TO-108
1 44881U 19093C   26069.15692330  .00001639  00000-0  19172-3 0  9991
2 44881  97.7605 143.7834 0014791  56.4649 303.7977 14.86343407336702
RS-44
1 44909U 19096E   26069.18542491  .00000022  00000-0  42635-4 0  9996
2 44909  82.5203  45.4846 0217914  16.1630 344.6280 12.79747404289685
SALSAT
1 46495U 20068K   26069.06593107  .00011270  00000-0  41252-3 0  9996
2 46495  97.8861  66.2178 0008270 295.2399  64.7981 15.28195358300213
CSS (TIANHE-1)
1 48274U 21035A   26069.03553595  .00026947  00000-0  31825-3 0  9994
2 48274  41.4664 206.0569 0006997 274.9746  85.0294 15.60677472277661
CUTE
1 49263U 21088D   26068.74328658  .00042102  00000-0  40035-3 0  9992
2 49263  97.4217 160.9488 0002985 311.8263  48.2742 15.66742985246888
TeikyoSat 4
1 49396U 21102B   26069.13948153  .00002322  00000-0  15013-3 0  9996
2 49396  97.3796 102.4396 0010344 274.7083  85.2964 15.09121696237783
Z-Sat
1 49399U 21102E   26069.18022708  .00006948  00000-0  34950-3 0  9992
2 49399  97.3460 107.5005 0015682 229.1090 130.8786 15.17431683238429
KOSEN 1
1 49402U 21102H   26069.06863600  .00010049  00000-0  40041-3 0  9993
2 49402  97.3336 113.1855 0013864 191.4768 168.6156 15.25326300238906
HO-113
1 50466U 21131B   26069.19825796  .00000752  00000-0  24640-3 0  9992
2 50466  98.4956 162.1502 0004818  49.1111 311.0495 14.41252357220853
SNUGLITE 2
1 52899U 22065F   26068.94502843  .00001565  00000-0  30690-3 0  9993
2 52899  98.2030 214.0486 0006928 343.9284  16.1698 14.64130848196477
UmKA 1 (RS40S)
1 57172U 23091G   26069.16478572  .00009154  00000-0  43172-3 0  9999
2 57172  97.5176 128.2689 0014663 104.5684 255.7178 15.19608454148969
CubeBel-2 (EU11S)
1 57175U 23091K   26069.16528425  .00016173  00000-0  61642-3 0  9996
2 57175  97.5170 131.6219 0011867 105.0516 255.2036 15.26717626149189
RS-38S
1 57189U 23091Z   26069.22026727  .00021846  00000-0  69068-3 0  9999
2 57189  97.5192 136.9177 0008724  70.7743 289.4442 15.32776888149516
SONATE-2
1 59112U 24043Q   26068.91739141  .00039886  00000-0  67640-3 0  9998
2 59112  97.5397 213.8574 0007836 203.8793 156.2096 15.51375867112467
GRBBeta
1 60237U 24128C   26068.70717138  .00006748  00000-0  46404-3 0  9997
2 60237  61.9904 205.0764 0051339 114.1677 246.4795 15.05794613 91289
Curium One
1 60242U 24128H   26068.68697111  .00012574  00000-0  74107-3 0  9993
2 60242  61.9790 197.7537 0050891 110.7183 249.9377 15.10847276 91418
ROBUSTA-3A
1 60243U 24128J   26068.73078397  .00011442  00000-0  68951-3 0  9992
2 60243  61.9866 199.5396 0051919 108.1058 252.5701 15.10076246 91399
CatSat
1 60246U 24125J   26069.14025276  .00056096  00000-0  10261-2 0  9990
2 60246  97.2210 281.0358 0027640 186.3253 173.7654 15.48749139 92011
HYPERVIEW-1G (RS66S)
1 61772U 24199AP  26069.14199046  .00084774  00000-0  11202-2 0  9993
2 61772  97.3082 305.2258 0006461 282.5499  77.5033 15.58050161119171
AO-123
1 61781U 24199AY  26069.13783903  .00011031  00000-0  33599-3 0  9993
2 61781  97.3152 298.7195 0012773 308.5582  51.4515 15.34075208118730
JINJUSat 1B
1 63210U 25052A   26068.66363707  .00019955  00000-0  68430-3 0  9999
2 63210  97.4113 325.4613 0005550  82.1930 277.9941 15.30194857 54866
NUSHSAT 1
1 63211U 25052B   26068.64700493  .00023034  00000-0  74857-3 0  9998
2 63211  97.4095 325.7239 0005501  84.7512 275.4357 15.31903202 54882
TEVEL2-4
1 63213U 25052D   26068.69417974  .00020990  00000-0  70363-3 0  9990
2 63213  97.4009 325.1237 0004733  95.3468 264.8313 15.30925813 54879
TEVEL2-5
1 63214U 25052E   26068.96660006  .00021339  00000-0  71765-3 0  9992
2 63214  97.4013 325.3677 0004700  95.3936 264.7842 15.30817434 54919
TEVEL2-6
1 63215U 25052F   26069.17253798  .00023891  00000-0  80362-3 0  9991
2 63215  97.4016 325.5593 0004774  95.3278 264.8508 15.30788319 54944
TEVEL2-1
1 63217U 25052H   26069.17091446  .00023603  00000-0  80432-3 0  9992
2 63217  97.3990 325.2892 0004803 104.6520 255.5253 15.30369474 54932
TEVEL2-3
1 63218U 25052J   26069.16848149  .00023370  00000-0  79554-3 0  9996
2 63218  97.3994 325.2984 0004811 105.2765 254.9008 15.30404479 54932
TEVEL2-2
1 63219U 25052K   26068.64848259  .00020339  00000-0  69428-3 0  9992
2 63219  97.3987 324.7700 0004693 105.7930 254.3828 15.30343745 54855
TEVEL2-9
1 63237U 25052AD  26069.16051179  .00021665  00000-0  77796-3 0  9997
2 63237  97.4056 324.8484 0008051 123.3420 236.8591 15.28657117 54888
TEVEL2-7
1 63238U 25052AE  26068.66113296  .00019244  00000-0  69668-3 0  9990
2 63238  97.4054 324.3041 0008105 124.6830 235.5175 15.28414096 54803
TEVEL2-8
1 63239U 25052AF  26068.66815443  .00019130  00000-0  69304-3 0  9995
2 63239  97.4055 324.2923 0008031 124.9191 235.2804 15.28392908 54807
HYDRA-W
1 63490U 25052BL  26068.25663552  .00214089  00000-0  23110-2 0  9995
2 63490  97.3927 329.3965 0009113 107.1858 253.0398 15.62903885 55122
HADES-ICM (SO-125)
1 63492U 25052BN  26069.21188880  .00176386  00000-0  23883-2 0  9994
2 63492  97.3942 329.6785 0008857 110.0541 250.1668 15.57053508 55221
SPIRONE
1 66657U 25274H   26068.75112205  .00004139  00000-0  40237-3 0  9991
2 66657  97.7435 359.5247 0011966 353.7886   6.3183 14.93072072 15388
K-HERO
1 66660U 25274L   26068.31556862  .00002739  00000-0  26499-3 0  9996
2 66660  97.7443 359.1816 0014137 357.6980   2.4172 14.93525062 15321
SNUGLITE-III DURI
1 66661U 25274M   26068.77639581  .00002571  00000-0  24849-3 0  9998
2 66661  97.7440 359.6505 0014717 357.0951   3.0181 14.93615044 15399
SilverSat
1 66909U 98067XV  26069.21803307  .00249186  00000-0  17776-2 0  9997
2 66909  51.6252  62.1676 0005475  80.1195 280.0421 15.72479555 15278
SAKHACUBE-CHOLBON
1 67290U 25313AU  26069.14281564  .00013139  00000-0  56208-3 0  9993
2 67290  97.4002 145.5276 0009023 352.8739   7.2368 15.22912070 10892
RS95S (QMR-KWT-2)
1 67291U 25313AV  26068.99929107  .00017449  00000-0  73239-3 0  9999
2 67291  97.4001 145.4138 0008661 351.7847   8.3246 15.23497705 10872
IO-86
1 40931U          25360.30710720  .00000000  00000-0  12800-3 0    00
2 40931   6.0006 332.5373 0012733 338.8432   8.1437 14.79075515    01
